111111111111111111111111111111111111111111111111
111111111111111111111111111111111111111111111111
111100000000000000000000000000000000000000000000
111100000000000000000000000000000000000000000000
111100000000000000000000000000000000000000000000
111100000000000000000000000000000000000000000000
111100000000000000000000000000000000000000000000
111100000000000000000000000000000000000000000000
111100000000000000000000000000000000000000000000
111100000000000000000000000000000000000000000000
111100000000000000000000000000000000000000000000
111100000000000000000000000000000000000000000000
111100000000000000000000000000000000000000000000
111100000000000000000000000000000000000000000000
111100000000000000000000000000000000000000000000
111100000000000000000000000000000000000000000000
111100000000000000000000000000000000000000000000
111100000000000000000000000000000000000000000000
111100000000011110000000011110000000000000000000
111100000000011110000000011110000000000000000000
111100000000000000000000000000000000000001111111
111100000000000000000000000000000000000001111111
111100000000000000000000000000000000000001111111
111100000000000000000000000000000001111111111111
111100000000000000000000000000000001111111111111
111111111111111111111111111111111111111111111111
111111111111111111111111111111111111111111111111
